{
 "cells": [
  {
   "cell_type": "code",
   "execution_count": 23,
   "metadata": {},
   "outputs": [],
   "source": [
    "from pynq import Overlay\n",
    "import time\n",
    "ol = Overlay('matrix.bit')"
   ]
  },
  {
   "cell_type": "code",
   "execution_count": 3,
   "metadata": {},
   "outputs": [],
   "source": [
    "#ol?"
   ]
  },
  {
   "cell_type": "code",
   "execution_count": 24,
   "metadata": {},
   "outputs": [],
   "source": [
    "dma = ol.axi_dma_0"
   ]
  },
  {
   "cell_type": "code",
   "execution_count": 25,
   "metadata": {},
   "outputs": [],
   "source": [
    "data_send = dma.sendchannel\n",
    "data_recv = dma.recvchannel"
   ]
  },
  {
   "cell_type": "code",
   "execution_count": 26,
   "metadata": {},
   "outputs": [],
   "source": [
    "import numpy as np\n",
    "import random "
   ]
  },
  {
   "cell_type": "code",
   "execution_count": 27,
   "metadata": {},
   "outputs": [],
   "source": [
    "random.seed(2)\n",
    "data_A = np.random.uniform(low=1, high=2, size=(8, 8)).astype(float)\n",
    "data_B = np.random.uniform(low=1, high=2, size=(8, 8)).astype(float)"
   ]
  },
  {
   "cell_type": "code",
   "execution_count": 28,
   "metadata": {},
   "outputs": [
    {
     "data": {
      "text/plain": [
       "(array([[1.12728203, 1.15096545, 1.30285636, 1.52102975, 1.59551539,\n",
       "         1.12167806, 1.97479664, 1.41991747],\n",
       "        [1.877379  , 1.45326106, 1.29213282, 1.61802064, 1.02670174,\n",
       "         1.05145811, 1.94006155, 1.65443863],\n",
       "        [1.04297803, 1.84546127, 1.8065279 , 1.05566474, 1.77629876,\n",
       "         1.32271852, 1.6608249 , 1.71436733],\n",
       "        [1.02827022, 1.76695882, 1.35664304, 1.40486903, 1.17572893,\n",
       "         1.29928667, 1.93225632, 1.20677264],\n",
       "        [1.66767802, 1.35421569, 1.18112096, 1.79928481, 1.06754512,\n",
       "         1.82125496, 1.79798671, 1.27322278],\n",
       "        [1.20689038, 1.18710047, 1.11735703, 1.25442044, 1.92152981,\n",
       "         1.78692859, 1.02017292, 1.24884923],\n",
       "        [1.25340225, 1.05534272, 1.0579971 , 1.37115047, 1.37536538,\n",
       "         1.72806876, 1.51341755, 1.19553631],\n",
       "        [1.16079011, 1.19531749, 1.43901365, 1.05352565, 1.14250403,\n",
       "         1.48128002, 1.60694076, 1.07961916]]),\n",
       " array([[1.94429503, 1.43163899, 1.30082574, 1.71887852, 1.64781499,\n",
       "         1.25332341, 1.65048924, 1.79515184],\n",
       "        [1.75598692, 1.22936872, 1.33371535, 1.50155057, 1.92289513,\n",
       "         1.13436816, 1.90855891, 1.65033171],\n",
       "        [1.67860131, 1.26843774, 1.08070134, 1.57576234, 1.03568844,\n",
       "         1.94708876, 1.75766956, 1.80479884],\n",
       "        [1.98009956, 1.92786896, 1.19935725, 1.09283508, 1.11306279,\n",
       "         1.50174697, 1.66572262, 1.3290483 ],\n",
       "        [1.69642219, 1.85294285, 1.79476552, 1.18793707, 1.46409961,\n",
       "         1.47879455, 1.84805453, 1.31991814],\n",
       "        [1.80085341, 1.76523988, 1.31112283, 1.68381424, 1.22533631,\n",
       "         1.17975407, 1.89236447, 1.29799382],\n",
       "        [1.51659906, 1.77112245, 1.5846081 , 1.54320491, 1.7738041 ,\n",
       "         1.21428649, 1.72239526, 1.75744396],\n",
       "        [1.07660011, 1.51469153, 1.63671253, 1.73841191, 1.10123516,\n",
       "         1.91956066, 1.14132018, 1.03428477]]))"
      ]
     },
     "execution_count": 28,
     "metadata": {},
     "output_type": "execute_result"
    }
   ],
   "source": [
    "data_A, data_B"
   ]
  },
  {
   "cell_type": "code",
   "execution_count": 29,
   "metadata": {},
   "outputs": [],
   "source": [
    "def multiply(matrix_a, matrix_b):\n",
    "    result_matrix = np.zeros((8,8))\n",
    "    for i in range(8):\n",
    "        for j in range(8):\n",
    "            for k in range(8):\n",
    "                result_matrix[i][j] += matrix_a[i][k] * matrix_b[k][j]\n",
    "                \n",
    "    return result_matrix"
   ]
  },
  {
   "cell_type": "code",
   "execution_count": 30,
   "metadata": {},
   "outputs": [
    {
     "name": "stdout",
     "output_type": "stream",
     "text": [
      "0.0038785934448242188\n"
     ]
    }
   ],
   "source": [
    "start_time = time.time()\n",
    "multiply(data_A, data_B) #software\n",
    "end_time = time.time()\n",
    "print(end_time - start_time)"
   ]
  },
  {
   "cell_type": "code",
   "execution_count": 31,
   "metadata": {},
   "outputs": [],
   "source": [
    "from pynq import allocate"
   ]
  },
  {
   "cell_type": "code",
   "execution_count": 32,
   "metadata": {},
   "outputs": [],
   "source": [
    "data_a_f = data_A.flatten()\n",
    "data_b_f = data_B.flatten()\n",
    "\n",
    "data_input = np.concatenate([data_a_f, data_b_f])"
   ]
  },
  {
   "cell_type": "code",
   "execution_count": 33,
   "metadata": {},
   "outputs": [
    {
     "data": {
      "text/plain": [
       "array([1.12728203, 1.15096545, 1.30285636, 1.52102975, 1.59551539,\n",
       "       1.12167806, 1.97479664, 1.41991747, 1.877379  , 1.45326106,\n",
       "       1.29213282, 1.61802064, 1.02670174, 1.05145811, 1.94006155,\n",
       "       1.65443863, 1.04297803, 1.84546127, 1.8065279 , 1.05566474,\n",
       "       1.77629876, 1.32271852, 1.6608249 , 1.71436733, 1.02827022,\n",
       "       1.76695882, 1.35664304, 1.40486903, 1.17572893, 1.29928667,\n",
       "       1.93225632, 1.20677264, 1.66767802, 1.35421569, 1.18112096,\n",
       "       1.79928481, 1.06754512, 1.82125496, 1.79798671, 1.27322278,\n",
       "       1.20689038, 1.18710047, 1.11735703, 1.25442044, 1.92152981,\n",
       "       1.78692859, 1.02017292, 1.24884923, 1.25340225, 1.05534272,\n",
       "       1.0579971 , 1.37115047, 1.37536538, 1.72806876, 1.51341755,\n",
       "       1.19553631, 1.16079011, 1.19531749, 1.43901365, 1.05352565,\n",
       "       1.14250403, 1.48128002, 1.60694076, 1.07961916, 1.94429503,\n",
       "       1.43163899, 1.30082574, 1.71887852, 1.64781499, 1.25332341,\n",
       "       1.65048924, 1.79515184, 1.75598692, 1.22936872, 1.33371535,\n",
       "       1.50155057, 1.92289513, 1.13436816, 1.90855891, 1.65033171,\n",
       "       1.67860131, 1.26843774, 1.08070134, 1.57576234, 1.03568844,\n",
       "       1.94708876, 1.75766956, 1.80479884, 1.98009956, 1.92786896,\n",
       "       1.19935725, 1.09283508, 1.11306279, 1.50174697, 1.66572262,\n",
       "       1.3290483 , 1.69642219, 1.85294285, 1.79476552, 1.18793707,\n",
       "       1.46409961, 1.47879455, 1.84805453, 1.31991814, 1.80085341,\n",
       "       1.76523988, 1.31112283, 1.68381424, 1.22533631, 1.17975407,\n",
       "       1.89236447, 1.29799382, 1.51659906, 1.77112245, 1.5846081 ,\n",
       "       1.54320491, 1.7738041 , 1.21428649, 1.72239526, 1.75744396,\n",
       "       1.07660011, 1.51469153, 1.63671253, 1.73841191, 1.10123516,\n",
       "       1.91956066, 1.14132018, 1.03428477])"
      ]
     },
     "execution_count": 33,
     "metadata": {},
     "output_type": "execute_result"
    }
   ],
   "source": [
    "data_input"
   ]
  },
  {
   "cell_type": "code",
   "execution_count": 34,
   "metadata": {},
   "outputs": [],
   "source": [
    "input_buffer = allocate(128, np.float32)\n",
    "output_buffer = allocate((8,8), np.float32)"
   ]
  },
  {
   "cell_type": "code",
   "execution_count": 35,
   "metadata": {},
   "outputs": [],
   "source": [
    "np.copyto(input_buffer, data_input)"
   ]
  },
  {
   "cell_type": "code",
   "execution_count": 37,
   "metadata": {},
   "outputs": [
    {
     "name": "stdout",
     "output_type": "stream",
     "text": [
      "0.0016579627990722656\n"
     ]
    }
   ],
   "source": [
    "start_time = time.time()\n",
    "data_send.transfer(input_buffer)\n",
    "data_recv.transfer(output_buffer)\n",
    "data_send.wait()\n",
    "data_recv.wait()\n",
    "end_time = time.time()\n",
    "print(end_time - start_time)"
   ]
  },
  {
   "cell_type": "code",
   "execution_count": 38,
   "metadata": {},
   "outputs": [
    {
     "data": {
      "text/plain": [
       "PynqBuffer([[18.661919, 18.198532, 16.021223, 16.681107, 15.890083,\n",
       "             16.345778, 18.974041, 16.797108],\n",
       "            [19.933609, 18.93319 , 16.72073 , 18.073582, 17.082047,\n",
       "             17.23758 , 19.955484, 18.09167 ],\n",
       "            [20.151093, 19.253128, 17.396458, 18.444746, 17.368637,\n",
       "             17.998245, 20.780321, 18.334776],\n",
       "            [18.725088, 17.795837, 15.695977, 16.757874, 16.130674,\n",
       "             15.978685, 19.131104, 16.959887],\n",
       "            [20.354237, 19.325352, 16.646809, 18.050327, 16.964066,\n",
       "             16.98275 , 20.379574, 18.00145 ],\n",
       "            [18.159985, 17.436186, 15.317394, 16.025415, 15.012647,\n",
       "             15.504355, 18.42616 , 15.749697],\n",
       "            [17.808683, 17.167473, 14.914955, 15.862132, 14.84883 ,\n",
       "             15.092407, 18.009556, 15.678173],\n",
       "            [17.062637, 16.200865, 14.22896 , 15.417045, 14.401366,\n",
       "             14.655547, 17.395908, 15.425227]], dtype=float32)"
      ]
     },
     "execution_count": 38,
     "metadata": {},
     "output_type": "execute_result"
    }
   ],
   "source": [
    "output_buffer"
   ]
  },
  {
   "cell_type": "code",
   "execution_count": 39,
   "metadata": {},
   "outputs": [],
   "source": [
    "diff = np.dot(data_A, data_B) - output_buffer"
   ]
  },
  {
   "cell_type": "code",
   "execution_count": 40,
   "metadata": {},
   "outputs": [],
   "source": [
    "rms_error = np.sqrt(np.mean(diff**2))"
   ]
  },
  {
   "cell_type": "code",
   "execution_count": 41,
   "metadata": {},
   "outputs": [
    {
     "data": {
      "text/plain": [
       "(PynqBuffer([[ 7.23172629e-07,  1.25105328e-06,  5.82738920e-07,\n",
       "               4.97047377e-07,  1.42031845e-06, -8.60996316e-07,\n",
       "              -1.13356936e-07, -5.07033938e-07],\n",
       "             [ 7.14933179e-07,  1.23552125e-06,  1.42715601e-06,\n",
       "              -8.00653144e-07, -5.01467525e-07,  4.14920429e-07,\n",
       "              -3.09621932e-07, -9.52745438e-09],\n",
       "             [ 1.81085689e-08,  1.25181553e-06,  6.00309008e-07,\n",
       "              -8.00971545e-07,  3.94249504e-07,  3.46589445e-07,\n",
       "              -3.47010197e-07,  2.69607025e-07],\n",
       "             [-3.80317392e-07,  8.64177544e-07,  1.56195252e-07,\n",
       "              -1.97036558e-06,  2.45735674e-07,  1.23197131e-07,\n",
       "               9.40688345e-07,  1.54563278e-07],\n",
       "             [-2.09539788e-06,  1.63290187e-06, -1.50894667e-06,\n",
       "              -1.53443738e-06,  4.42608236e-07, -8.49852398e-07,\n",
       "              -6.07164825e-07, -1.43007036e-06],\n",
       "             [ 3.43139465e-07,  7.36493774e-07,  1.18100805e-06,\n",
       "               2.39961221e-07,  6.88865615e-07,  1.04709262e-06,\n",
       "               7.66229043e-07,  1.10705429e-06],\n",
       "             [-8.48236176e-07, -2.59370712e-07, -5.78811976e-07,\n",
       "               1.84450888e-07,  3.02640597e-07, -4.05641376e-07,\n",
       "              -3.99748131e-07,  7.98327838e-07],\n",
       "             [-8.26727209e-07,  2.22928584e-07,  9.62400836e-07,\n",
       "               4.96462455e-07, -1.01022900e-07,  4.39549552e-07,\n",
       "              -1.19643154e-06,  4.36614718e-07]]),\n",
       " PynqBuffer(8.49777596e-07))"
      ]
     },
     "execution_count": 41,
     "metadata": {},
     "output_type": "execute_result"
    }
   ],
   "source": [
    "diff, rms_error"
   ]
  },
  {
   "cell_type": "code",
   "execution_count": 42,
   "metadata": {},
   "outputs": [
    {
     "name": "stdout",
     "output_type": "stream",
     "text": [
      "CPU times: user 393 µs, sys: 78 µs, total: 471 µs\n",
      "Wall time: 437 µs\n"
     ]
    },
    {
     "data": {
      "text/plain": [
       "array([[18.66191936, 18.19853336, 16.02122365, 16.68110706, 15.89008473,\n",
       "        16.34577665, 18.97404087, 16.79710719],\n",
       "       [19.93360972, 18.93319063, 16.72073126, 18.07358089, 17.08204601,\n",
       "        17.23757976, 19.95548408, 18.09166907],\n",
       "       [20.15109255, 19.2531293 , 17.39645827, 18.44474522, 17.36863748,\n",
       "        17.99824559, 20.78032077, 18.33477619],\n",
       "       [18.72508774, 17.79583827, 15.69597737, 16.75787156, 16.13067461,\n",
       "        15.9786855 , 19.13110446, 16.95988671],\n",
       "       [20.35423451, 19.32535335, 16.64680712, 18.05032577, 16.96406599,\n",
       "        16.98274909, 20.37957321, 18.00144815],\n",
       "       [18.15998493, 17.43618657, 15.31739544, 16.02541566, 15.01264736,\n",
       "        15.50435648, 18.42616158, 15.74969784],\n",
       "       [17.80868255, 17.16747258, 14.91495456, 15.86213226, 14.84883053,\n",
       "        15.09240682, 18.00955542, 15.67817386],\n",
       "       [17.0626365 , 16.20086501, 14.228961  , 15.41704514, 14.40136613,\n",
       "        14.65554758, 17.39590716, 15.4252276 ]])"
      ]
     },
     "execution_count": 42,
     "metadata": {},
     "output_type": "execute_result"
    }
   ],
   "source": [
    "%%time\n",
    "np.dot(data_A, data_B)"
   ]
  },
  {
   "cell_type": "code",
   "execution_count": 43,
   "metadata": {},
   "outputs": [
    {
     "data": {
      "text/plain": [
       "PynqBuffer(8.49777596e-07)"
      ]
     },
     "execution_count": 43,
     "metadata": {},
     "output_type": "execute_result"
    }
   ],
   "source": [
    "rms_error"
   ]
  },
  {
   "cell_type": "code",
   "execution_count": null,
   "metadata": {},
   "outputs": [],
   "source": []
  }
 ],
 "metadata": {
  "kernelspec": {
   "display_name": "Python 3",
   "language": "python",
   "name": "python3"
  },
  "language_info": {
   "codemirror_mode": {
    "name": "ipython",
    "version": 3
   },
   "file_extension": ".py",
   "mimetype": "text/x-python",
   "name": "python",
   "nbconvert_exporter": "python",
   "pygments_lexer": "ipython3",
   "version": "3.8.2"
  }
 },
 "nbformat": 4,
 "nbformat_minor": 2
}
