{
 "cells": [
  {
   "cell_type": "code",
   "execution_count": 1,
   "metadata": {},
   "outputs": [
    {
     "data": {
      "application/javascript": [
       "\n",
       "try {\n",
       "require(['notebook/js/codecell'], function(codecell) {\n",
       "  codecell.CodeCell.options_default.highlight_modes[\n",
       "      'magic_text/x-csrc'] = {'reg':[/^%%microblaze/]};\n",
       "  Jupyter.notebook.events.one('kernel_ready.Kernel', function(){\n",
       "      Jupyter.notebook.get_cells().map(function(cell){\n",
       "          if (cell.cell_type == 'code'){ cell.auto_highlight(); } }) ;\n",
       "  });\n",
       "});\n",
       "} catch (e) {};\n"
      ]
     },
     "metadata": {},
     "output_type": "display_data"
    }
   ],
   "source": [
    "from pynq import Overlay\n",
    "ol = Overlay('matrix.bit')"
   ]
  },
  {
   "cell_type": "code",
   "execution_count": 2,
   "metadata": {},
   "outputs": [],
   "source": [
    "#ol?"
   ]
  },
  {
   "cell_type": "code",
   "execution_count": 3,
   "metadata": {},
   "outputs": [],
   "source": [
    "dma = ol.axi_dma_0"
   ]
  },
  {
   "cell_type": "code",
   "execution_count": 4,
   "metadata": {},
   "outputs": [],
   "source": [
    "data_send = dma.sendchannel\n",
    "data_recv = dma.recvchannel"
   ]
  },
  {
   "cell_type": "code",
   "execution_count": 5,
   "metadata": {},
   "outputs": [],
   "source": [
    "import numpy as np\n",
    "import random "
   ]
  },
  {
   "cell_type": "code",
   "execution_count": 6,
   "metadata": {},
   "outputs": [],
   "source": [
    "random.seed(2)\n",
    "data_A = np.random.uniform(low=0, high=10, size=(8, 8)).astype(float)\n",
    "data_B = np.random.uniform(low=0, high=10, size=(8, 8)).astype(float)"
   ]
  },
  {
   "cell_type": "code",
   "execution_count": 7,
   "metadata": {},
   "outputs": [
    {
     "data": {
      "text/plain": [
       "(array([[2.55442758, 2.52412382, 3.88096982, 7.14789616, 6.91700525,\n",
       "         7.35113545, 9.12497269, 7.72726403],\n",
       "        [6.00185917, 8.18409427, 8.06308615, 6.28970654, 3.07797372,\n",
       "         6.78414977, 4.15708273, 1.37440004],\n",
       "        [8.40702691, 5.91890812, 4.93811167, 5.38884031, 9.8871736 ,\n",
       "         4.69131453, 8.60814821, 7.34646565],\n",
       "        [1.19577512, 0.28323673, 6.72382984, 8.87116014, 6.0477839 ,\n",
       "         9.3009059 , 0.13590772, 6.79624819],\n",
       "        [8.53469262, 1.81478871, 6.83141149, 5.3951494 , 7.81973643,\n",
       "         6.4202612 , 7.75965555, 8.13325488],\n",
       "        [2.60541699, 3.98283022, 3.06256559, 1.86904189, 6.58160435,\n",
       "         2.71300691, 4.36125841, 2.04978484],\n",
       "        [3.99364208, 8.64185631, 9.68136177, 8.77843342, 8.07349922,\n",
       "         9.80650943, 1.18234631, 4.78462409],\n",
       "        [2.10586968, 2.13110648, 4.45772306, 2.7694983 , 7.61192806,\n",
       "         0.8625916 , 1.48446479, 9.97881665]]),\n",
       " array([[2.55960806, 8.20268461, 0.47684678, 2.95886526, 5.66401659,\n",
       "         6.15267513, 1.24069266, 6.38957581],\n",
       "        [2.57710203, 3.54993113, 7.32367749, 3.77118798, 1.51127011,\n",
       "         2.20676997, 7.33039311, 9.5325565 ],\n",
       "        [5.10003118, 7.34121816, 6.60690093, 8.86364872, 8.16090409,\n",
       "         6.26435121, 8.8154659 , 6.86033579],\n",
       "        [5.24006984, 1.27813457, 8.33380149, 3.32119779, 3.70069098,\n",
       "         9.37185392, 2.16447134, 9.4643652 ],\n",
       "        [9.32947394, 6.51868148, 1.91181087, 7.69660107, 1.26443129,\n",
       "         4.66461507, 0.21826819, 0.87547224],\n",
       "        [3.22965144, 5.97105845, 7.92641786, 2.74759547, 3.11654122,\n",
       "         0.70227252, 9.56321339, 8.58394666],\n",
       "        [8.77972483, 7.13268932, 0.12742112, 0.77132817, 8.90588104,\n",
       "         6.67320735, 6.44085497, 0.54356839],\n",
       "        [0.8789312 , 8.28705242, 3.00129384, 0.83717073, 7.89346709,\n",
       "         4.18418565, 5.16210732, 1.83755702]]))"
      ]
     },
     "execution_count": 7,
     "metadata": {},
     "output_type": "execute_result"
    }
   ],
   "source": [
    "data_A, data_B"
   ]
  },
  {
   "cell_type": "code",
   "execution_count": 9,
   "metadata": {},
   "outputs": [],
   "source": [
    "def multiply(matrix_a, matrix_b):\n",
    "    result_matrix = np.zeros((8,8))\n",
    "    for i in range(8):\n",
    "        for j in range(8):\n",
    "            for k in range(8):\n",
    "                result_matrix[i][j] += matrix_a[i][k] * matrix_b[k][j]\n",
    "                \n",
    "    return result_matrix"
   ]
  },
  {
   "cell_type": "code",
   "execution_count": 32,
   "metadata": {},
   "outputs": [
    {
     "name": "stdout",
     "output_type": "stream",
     "text": [
      "0.01158285140991211\n"
     ]
    }
   ],
   "source": [
    "import time\n",
    "start_time = time.time()\n",
    "multiply(data_A, data_B) #software\n",
    "end_time = time.time()\n",
    "print(end_time - start_time)"
   ]
  },
  {
   "cell_type": "code",
   "execution_count": 19,
   "metadata": {},
   "outputs": [],
   "source": [
    "from pynq import allocate"
   ]
  },
  {
   "cell_type": "code",
   "execution_count": 20,
   "metadata": {},
   "outputs": [],
   "source": [
    "data_a_f = data_A.flatten()\n",
    "data_b_f = data_B.flatten()\n",
    "\n",
    "data_input = np.concatenate([data_a_f, data_b_f])"
   ]
  },
  {
   "cell_type": "code",
   "execution_count": 21,
   "metadata": {},
   "outputs": [
    {
     "data": {
      "text/plain": [
       "array([2.55442758, 2.52412382, 3.88096982, 7.14789616, 6.91700525,\n",
       "       7.35113545, 9.12497269, 7.72726403, 6.00185917, 8.18409427,\n",
       "       8.06308615, 6.28970654, 3.07797372, 6.78414977, 4.15708273,\n",
       "       1.37440004, 8.40702691, 5.91890812, 4.93811167, 5.38884031,\n",
       "       9.8871736 , 4.69131453, 8.60814821, 7.34646565, 1.19577512,\n",
       "       0.28323673, 6.72382984, 8.87116014, 6.0477839 , 9.3009059 ,\n",
       "       0.13590772, 6.79624819, 8.53469262, 1.81478871, 6.83141149,\n",
       "       5.3951494 , 7.81973643, 6.4202612 , 7.75965555, 8.13325488,\n",
       "       2.60541699, 3.98283022, 3.06256559, 1.86904189, 6.58160435,\n",
       "       2.71300691, 4.36125841, 2.04978484, 3.99364208, 8.64185631,\n",
       "       9.68136177, 8.77843342, 8.07349922, 9.80650943, 1.18234631,\n",
       "       4.78462409, 2.10586968, 2.13110648, 4.45772306, 2.7694983 ,\n",
       "       7.61192806, 0.8625916 , 1.48446479, 9.97881665, 2.55960806,\n",
       "       8.20268461, 0.47684678, 2.95886526, 5.66401659, 6.15267513,\n",
       "       1.24069266, 6.38957581, 2.57710203, 3.54993113, 7.32367749,\n",
       "       3.77118798, 1.51127011, 2.20676997, 7.33039311, 9.5325565 ,\n",
       "       5.10003118, 7.34121816, 6.60690093, 8.86364872, 8.16090409,\n",
       "       6.26435121, 8.8154659 , 6.86033579, 5.24006984, 1.27813457,\n",
       "       8.33380149, 3.32119779, 3.70069098, 9.37185392, 2.16447134,\n",
       "       9.4643652 , 9.32947394, 6.51868148, 1.91181087, 7.69660107,\n",
       "       1.26443129, 4.66461507, 0.21826819, 0.87547224, 3.22965144,\n",
       "       5.97105845, 7.92641786, 2.74759547, 3.11654122, 0.70227252,\n",
       "       9.56321339, 8.58394666, 8.77972483, 7.13268932, 0.12742112,\n",
       "       0.77132817, 8.90588104, 6.67320735, 6.44085497, 0.54356839,\n",
       "       0.8789312 , 8.28705242, 3.00129384, 0.83717073, 7.89346709,\n",
       "       4.18418565, 5.16210732, 1.83755702])"
      ]
     },
     "execution_count": 21,
     "metadata": {},
     "output_type": "execute_result"
    }
   ],
   "source": [
    "data_input"
   ]
  },
  {
   "cell_type": "code",
   "execution_count": 22,
   "metadata": {},
   "outputs": [],
   "source": [
    "input_buffer = allocate(128, np.float32)\n",
    "output_buffer = allocate((8,8), np.float32)"
   ]
  },
  {
   "cell_type": "code",
   "execution_count": 23,
   "metadata": {},
   "outputs": [],
   "source": [
    "np.copyto(input_buffer, data_input)"
   ]
  },
  {
   "cell_type": "code",
   "execution_count": 24,
   "metadata": {},
   "outputs": [
    {
     "name": "stdout",
     "output_type": "stream",
     "text": [
      "0.003907918930053711\n"
     ]
    }
   ],
   "source": [
    "start_time = time.time()\n",
    "data_send.transfer(input_buffer)\n",
    "data_recv.transfer(output_buffer)\n",
    "data_send.wait()\n",
    "data_recv.wait()\n",
    "end_time = time.time()\n",
    "print(end_time - start_time)"
   ]
  },
  {
   "cell_type": "code",
   "execution_count": 25,
   "metadata": {},
   "outputs": [
    {
     "data": {
      "text/plain": [
       "PynqBuffer([[245.47191 , 285.6463  , 200.76096 , 162.15904 , 250.32434 ,\n",
       "             243.24034 , 241.82788 , 222.97485 ],\n",
       "            [198.86652 , 247.13008 , 232.802   , 187.6673  , 208.3476  ,\n",
       "             217.05783 , 251.55292 , 296.92288 ],\n",
       "            [279.62238 , 347.85458 , 204.12567 , 210.64108 , 278.57907 ,\n",
       "             283.82224 , 249.4034  , 262.12332 ],\n",
       "            [178.19588 , 223.76376 , 226.69865 , 171.56378 , 186.39288 ,\n",
       "             197.32797 , 208.25981 , 238.12361 ],\n",
       "            [258.59918 , 345.55438 , 198.6958  , 201.18636 , 290.00223 ,\n",
       "             276.6706  , 250.86046 , 250.88043 ],\n",
       "            [152.60335 , 167.57912 , 107.01658 , 119.27225 , 124.48425 ,\n",
       "             131.80704 , 129.52473 , 128.50114 ],\n",
       "            [249.4471  , 304.99713 , 309.99228 , 253.37416 , 236.24306 ,\n",
       "             259.0162  , 300.50748 , 358.07773 ],\n",
       "            [143.7342  , 209.1575  , 120.67224 , 133.43256 , 166.07745 ,\n",
       "             159.31152 , 134.50952 , 123.775566]], dtype=float32)"
      ]
     },
     "execution_count": 25,
     "metadata": {},
     "output_type": "execute_result"
    }
   ],
   "source": [
    "output_buffer"
   ]
  },
  {
   "cell_type": "code",
   "execution_count": 26,
   "metadata": {},
   "outputs": [],
   "source": [
    "diff = np.dot(data_A, data_B) - output_buffer"
   ]
  },
  {
   "cell_type": "code",
   "execution_count": 27,
   "metadata": {},
   "outputs": [],
   "source": [
    "rms_error = np.sqrt(np.mean(diff**2))"
   ]
  },
  {
   "cell_type": "code",
   "execution_count": 28,
   "metadata": {},
   "outputs": [
    {
     "data": {
      "text/plain": [
       "(PynqBuffer([[-2.16386468e-07, -1.56901496e-06, -4.34318355e-06,\n",
       "               4.40611123e-06,  9.73393395e-06, -1.13212792e-05,\n",
       "               3.14981364e-06, -4.23198941e-07],\n",
       "             [-1.04537069e-05,  3.49000030e-06, -2.58982030e-06,\n",
       "              -6.58033539e-06, -2.07414950e-05, -8.71035718e-06,\n",
       "              -1.28918025e-05,  8.78674916e-06],\n",
       "             [ 2.11784649e-05, -1.75932075e-05, -6.27106104e-06,\n",
       "               2.73522772e-06, -1.81499861e-05,  3.36455759e-06,\n",
       "              -1.55028648e-05,  3.64088055e-06],\n",
       "             [ 2.33915719e-06, -5.98176553e-06, -1.21460036e-05,\n",
       "              -5.67749288e-06,  9.96028527e-06, -1.06434825e-05,\n",
       "              -9.82433971e-06, -1.49567541e-08],\n",
       "             [-2.16164062e-06,  4.12459683e-05, -7.89616342e-06,\n",
       "              -1.44735266e-05,  5.14634905e-07,  4.19381837e-06,\n",
       "              -1.37354948e-05,  1.51376459e-05],\n",
       "             [-9.97913705e-06,  1.41492762e-07, -6.13869622e-06,\n",
       "               5.30292101e-06, -2.98192160e-06, -5.77463967e-06,\n",
       "              -1.03162419e-05, -3.25833298e-07],\n",
       "             [-4.23641526e-06,  8.29590562e-06, -2.18102899e-05,\n",
       "               4.16924988e-06, -4.55809143e-06,  1.82649518e-05,\n",
       "              -1.38015568e-05,  1.04939335e-05],\n",
       "             [ 4.09242426e-06, -4.08750603e-06, -2.47203369e-06,\n",
       "              -1.62425480e-05,  2.31624568e-06, -1.82444145e-06,\n",
       "               3.31404590e-06, -1.41919244e-05]]),\n",
       " PynqBuffer(1.09050284e-05))"
      ]
     },
     "execution_count": 28,
     "metadata": {},
     "output_type": "execute_result"
    }
   ],
   "source": [
    "diff, rms_error"
   ]
  },
  {
   "cell_type": "code",
   "execution_count": 34,
   "metadata": {},
   "outputs": [
    {
     "name": "stdout",
     "output_type": "stream",
     "text": [
      "CPU times: user 191 µs, sys: 0 ns, total: 191 µs\n",
      "Wall time: 188 µs\n"
     ]
    },
    {
     "data": {
      "text/plain": [
       "array([[245.47190835, 285.6462997 , 200.76095147, 162.15904676,\n",
       "        250.32435055, 243.24032987, 241.82788401, 222.97485309],\n",
       "       [198.86650566, 247.13008467, 232.80199936, 187.66729078,\n",
       "        208.34757447, 217.0578221 , 251.55290459, 296.92289087],\n",
       "       [279.62239667, 347.85456615, 204.12566512, 210.6410855 ,\n",
       "        278.57905289, 283.82223847, 249.4033811 , 262.12332517],\n",
       "       [178.19587941, 223.76375745, 226.69864203, 171.56377606,\n",
       "        186.39289326, 197.32796177, 208.25980158, 238.12361144],\n",
       "       [258.59917997, 345.55442357, 198.69579289, 201.18634112,\n",
       "        290.0022283 , 276.67059746, 250.86044464, 250.88044727],\n",
       "       [152.6033378 , 167.57911696, 107.01657254, 119.27225262,\n",
       "        124.48424995, 131.80703158, 129.52472418, 128.50114408],\n",
       "       [249.44709354, 304.99713964, 309.99225724, 253.37416494,\n",
       "        236.24305269, 259.0162231 , 300.50746301, 358.07773877],\n",
       "       [143.73421125, 209.15749713, 120.67223874, 133.43253991,\n",
       "        166.07745593, 159.31152161, 134.5095248 , 123.77555191]])"
      ]
     },
     "execution_count": 34,
     "metadata": {},
     "output_type": "execute_result"
    }
   ],
   "source": [
    "%%time\n",
    "np.dot(data_A, data_B)"
   ]
  },
  {
   "cell_type": "code",
   "execution_count": null,
   "metadata": {},
   "outputs": [],
   "source": []
  }
 ],
 "metadata": {
  "kernelspec": {
   "display_name": "Python (myenv)",
   "language": "python",
   "name": "venv"
  },
  "language_info": {
   "codemirror_mode": {
    "name": "ipython",
    "version": 3
   },
   "file_extension": ".py",
   "mimetype": "text/x-python",
   "name": "python",
   "nbconvert_exporter": "python",
   "pygments_lexer": "ipython3",
   "version": "3.6.5"
  }
 },
 "nbformat": 4,
 "nbformat_minor": 2
}
