{
 "cells": [
  {
   "cell_type": "code",
   "execution_count": 44,
   "metadata": {},
   "outputs": [],
   "source": [
    "from pynq import Overlay\n",
    "import time\n",
    "ol = Overlay('matrix.bit')"
   ]
  },
  {
   "cell_type": "code",
   "execution_count": 3,
   "metadata": {},
   "outputs": [],
   "source": [
    "#ol?"
   ]
  },
  {
   "cell_type": "code",
   "execution_count": 45,
   "metadata": {},
   "outputs": [],
   "source": [
    "dma = ol.axi_dma_0"
   ]
  },
  {
   "cell_type": "code",
   "execution_count": 46,
   "metadata": {},
   "outputs": [],
   "source": [
    "data_send = dma.sendchannel\n",
    "data_recv = dma.recvchannel"
   ]
  },
  {
   "cell_type": "code",
   "execution_count": 47,
   "metadata": {},
   "outputs": [],
   "source": [
    "import numpy as np\n",
    "import random "
   ]
  },
  {
   "cell_type": "code",
   "execution_count": 48,
   "metadata": {},
   "outputs": [],
   "source": [
    "random.seed(2)\n",
    "data_A = np.random.uniform(low=1, high=2, size=(8, 8)).astype(float)\n",
    "data_B = np.random.uniform(low=1, high=2, size=(8, 8)).astype(float)"
   ]
  },
  {
   "cell_type": "code",
   "execution_count": 49,
   "metadata": {},
   "outputs": [
    {
     "data": {
      "text/plain": [
       "(array([[1.16763793, 1.76083613, 1.6171598 , 1.60581055, 1.97313797,\n",
       "         1.49387104, 1.68515268, 1.11433389],\n",
       "        [1.1055406 , 1.6582569 , 1.28133038, 1.52072141, 1.20111532,\n",
       "         1.53132037, 1.73651009, 1.01719268],\n",
       "        [1.85123493, 1.96436198, 1.93607634, 1.03812484, 1.47757054,\n",
       "         1.29827526, 1.32091826, 1.37575186],\n",
       "        [1.87548365, 1.63503737, 1.53307387, 1.81016503, 1.98840537,\n",
       "         1.14883261, 1.52461467, 1.49105937],\n",
       "        [1.97442634, 1.88073578, 1.98654645, 1.40322797, 1.33704814,\n",
       "         1.30948304, 1.34712334, 1.68997318],\n",
       "        [1.09029466, 1.14059271, 1.60518456, 1.96145458, 1.52500321,\n",
       "         1.30352744, 1.76889237, 1.05815577],\n",
       "        [1.00924576, 1.2678781 , 1.18180298, 1.94628611, 1.8497092 ,\n",
       "         1.19566506, 1.61042227, 1.89932404],\n",
       "        [1.07049536, 1.96082715, 1.80126547, 1.89507022, 1.75890745,\n",
       "         1.6351449 , 1.10307299, 1.83061231]]),\n",
       " array([[1.27572293, 1.77110139, 1.33310633, 1.33785275, 1.7533493 ,\n",
       "         1.98442233, 1.19604269, 1.49489847],\n",
       "        [1.55082835, 1.91433816, 1.47165387, 1.86284672, 1.5099373 ,\n",
       "         1.55258845, 1.9856406 , 1.41772232],\n",
       "        [1.04286392, 1.43164306, 1.75460831, 1.88681303, 1.86192504,\n",
       "         1.83151235, 1.59042597, 1.74782983],\n",
       "        [1.97084214, 1.84046682, 1.47952622, 1.66251817, 1.78245262,\n",
       "         1.42324592, 1.77363605, 1.68899777],\n",
       "        [1.7741245 , 1.8295315 , 1.99876963, 1.93431061, 1.48347645,\n",
       "         1.5721342 , 1.31954236, 1.08583987],\n",
       "        [1.69769223, 1.08938889, 1.94258199, 1.75162766, 1.55465584,\n",
       "         1.95780439, 1.78511128, 1.44864415],\n",
       "        [1.26782632, 1.43286719, 1.73560818, 1.20207098, 1.51741453,\n",
       "         1.26449017, 1.55550338, 1.31460943],\n",
       "        [1.98694082, 1.54620481, 1.15022253, 1.07981097, 1.37226855,\n",
       "         1.62000807, 1.46784481, 1.34733406]]))"
      ]
     },
     "execution_count": 49,
     "metadata": {},
     "output_type": "execute_result"
    }
   ],
   "source": [
    "data_A, data_B"
   ]
  },
  {
   "cell_type": "code",
   "execution_count": 50,
   "metadata": {},
   "outputs": [],
   "source": [
    "def multiply(matrix_a, matrix_b):\n",
    "    result_matrix = np.zeros((8,8))\n",
    "    for i in range(8):\n",
    "        for j in range(8):\n",
    "            for k in range(8):\n",
    "                result_matrix[i][j] += matrix_a[i][k] * matrix_b[k][j]\n",
    "                \n",
    "    return result_matrix"
   ]
  },
  {
   "cell_type": "code",
   "execution_count": 51,
   "metadata": {},
   "outputs": [
    {
     "name": "stdout",
     "output_type": "stream",
     "text": [
      "0.004090547561645508\n"
     ]
    }
   ],
   "source": [
    "start_time = time.time()\n",
    "multiply(data_A, data_B) #software\n",
    "end_time = time.time()\n",
    "print(end_time - start_time)"
   ]
  },
  {
   "cell_type": "code",
   "execution_count": 52,
   "metadata": {},
   "outputs": [],
   "source": [
    "from pynq import allocate"
   ]
  },
  {
   "cell_type": "code",
   "execution_count": 53,
   "metadata": {},
   "outputs": [],
   "source": [
    "data_a_f = data_A.flatten()\n",
    "data_b_f = data_B.flatten()\n",
    "\n",
    "data_input = np.concatenate([data_a_f, data_b_f])"
   ]
  },
  {
   "cell_type": "code",
   "execution_count": 54,
   "metadata": {},
   "outputs": [
    {
     "data": {
      "text/plain": [
       "array([1.16763793, 1.76083613, 1.6171598 , 1.60581055, 1.97313797,\n",
       "       1.49387104, 1.68515268, 1.11433389, 1.1055406 , 1.6582569 ,\n",
       "       1.28133038, 1.52072141, 1.20111532, 1.53132037, 1.73651009,\n",
       "       1.01719268, 1.85123493, 1.96436198, 1.93607634, 1.03812484,\n",
       "       1.47757054, 1.29827526, 1.32091826, 1.37575186, 1.87548365,\n",
       "       1.63503737, 1.53307387, 1.81016503, 1.98840537, 1.14883261,\n",
       "       1.52461467, 1.49105937, 1.97442634, 1.88073578, 1.98654645,\n",
       "       1.40322797, 1.33704814, 1.30948304, 1.34712334, 1.68997318,\n",
       "       1.09029466, 1.14059271, 1.60518456, 1.96145458, 1.52500321,\n",
       "       1.30352744, 1.76889237, 1.05815577, 1.00924576, 1.2678781 ,\n",
       "       1.18180298, 1.94628611, 1.8497092 , 1.19566506, 1.61042227,\n",
       "       1.89932404, 1.07049536, 1.96082715, 1.80126547, 1.89507022,\n",
       "       1.75890745, 1.6351449 , 1.10307299, 1.83061231, 1.27572293,\n",
       "       1.77110139, 1.33310633, 1.33785275, 1.7533493 , 1.98442233,\n",
       "       1.19604269, 1.49489847, 1.55082835, 1.91433816, 1.47165387,\n",
       "       1.86284672, 1.5099373 , 1.55258845, 1.9856406 , 1.41772232,\n",
       "       1.04286392, 1.43164306, 1.75460831, 1.88681303, 1.86192504,\n",
       "       1.83151235, 1.59042597, 1.74782983, 1.97084214, 1.84046682,\n",
       "       1.47952622, 1.66251817, 1.78245262, 1.42324592, 1.77363605,\n",
       "       1.68899777, 1.7741245 , 1.8295315 , 1.99876963, 1.93431061,\n",
       "       1.48347645, 1.5721342 , 1.31954236, 1.08583987, 1.69769223,\n",
       "       1.08938889, 1.94258199, 1.75162766, 1.55465584, 1.95780439,\n",
       "       1.78511128, 1.44864415, 1.26782632, 1.43286719, 1.73560818,\n",
       "       1.20207098, 1.51741453, 1.26449017, 1.55550338, 1.31460943,\n",
       "       1.98694082, 1.54620481, 1.15022253, 1.07981097, 1.37226855,\n",
       "       1.62000807, 1.46784481, 1.34733406])"
      ]
     },
     "execution_count": 54,
     "metadata": {},
     "output_type": "execute_result"
    }
   ],
   "source": [
    "data_input"
   ]
  },
  {
   "cell_type": "code",
   "execution_count": 55,
   "metadata": {},
   "outputs": [],
   "source": [
    "input_buffer = allocate(128, np.float32)\n",
    "output_buffer = allocate((8,8), np.float32)"
   ]
  },
  {
   "cell_type": "code",
   "execution_count": 56,
   "metadata": {},
   "outputs": [],
   "source": [
    "np.copyto(input_buffer, data_input)"
   ]
  },
  {
   "cell_type": "code",
   "execution_count": 62,
   "metadata": {},
   "outputs": [
    {
     "name": "stdout",
     "output_type": "stream",
     "text": [
      "0.0031702518463134766\n"
     ]
    }
   ],
   "source": [
    "start_time = time.time()\n",
    "data_send.transfer(input_buffer)\n",
    "data_recv.transfer(output_buffer)\n",
    "data_send.wait()\n",
    "data_recv.wait()\n",
    "end_time = time.time()\n",
    "print(end_time - start_time)"
   ]
  },
  {
   "cell_type": "code",
   "execution_count": 63,
   "metadata": {},
   "outputs": [
    {
     "data": {
      "text/plain": [
       "PynqBuffer([[19.458935, 20.084389, 20.41356 , 20.225574, 19.91514 ,\n",
       "             20.261086, 19.840324, 17.803902],\n",
       "            [17.268723, 17.692392, 17.971731, 17.705404, 17.731987,\n",
       "             18.009583, 17.86277 , 15.987549],\n",
       "            [18.706795, 19.859066, 19.642088, 19.720467, 19.769758,\n",
       "             20.510658, 19.37648 , 17.764883],\n",
       "            [20.468233, 21.35748 , 20.841808, 20.758278, 20.933582,\n",
       "             21.363064, 20.373337, 18.695171],\n",
       "            [19.933743, 20.939894, 20.459787, 20.55033 , 20.884157,\n",
       "             21.580551, 20.422173, 18.856815],\n",
       "            [17.96316 , 18.403349, 18.718088, 18.375107, 18.543884,\n",
       "             18.566551, 18.244656, 16.660755],\n",
       "            [19.449127, 19.41953 , 19.164019, 18.836687, 19.006477,\n",
       "             19.267944, 18.924318, 17.075764],\n",
       "            [20.952236, 21.126568, 20.989231, 21.203249, 20.906666,\n",
       "             21.491829, 21.042557, 18.924456]], dtype=float32)"
      ]
     },
     "execution_count": 63,
     "metadata": {},
     "output_type": "execute_result"
    }
   ],
   "source": [
    "output_buffer"
   ]
  },
  {
   "cell_type": "code",
   "execution_count": 64,
   "metadata": {},
   "outputs": [],
   "source": [
    "diff = np.dot(data_A, data_B) - output_buffer"
   ]
  },
  {
   "cell_type": "code",
   "execution_count": 65,
   "metadata": {},
   "outputs": [],
   "source": [
    "rms_error = np.sqrt(np.mean(diff**2))"
   ]
  },
  {
   "cell_type": "code",
   "execution_count": 66,
   "metadata": {},
   "outputs": [
    {
     "data": {
      "text/plain": [
       "(PynqBuffer([[ 1.09075884e-06,  1.88122120e-06, -1.29233435e-06,\n",
       "              -1.02247490e-06,  2.55436422e-07,  4.28844725e-07,\n",
       "              -3.66444251e-07,  2.76026344e-06],\n",
       "             [ 1.50296229e-06, -7.04755756e-08, -4.77976492e-07,\n",
       "              -5.65314302e-08,  3.77106165e-07,  9.16823335e-07,\n",
       "               1.44487129e-06,  5.45769012e-07],\n",
       "             [-9.16361763e-07, -4.77333753e-07,  1.08711044e-06,\n",
       "              -1.42183982e-06, -2.08795673e-06, -4.81946817e-07,\n",
       "               3.10324200e-07,  3.58300252e-07],\n",
       "             [-1.42100255e-07, -4.51815346e-07,  1.99601640e-07,\n",
       "               9.83719826e-07, -2.22124086e-07, -2.30377793e-07,\n",
       "              -1.05856456e-06, -4.52477114e-07],\n",
       "             [-6.10885344e-07,  1.20786693e-06,  1.30311713e-06,\n",
       "               1.26430223e-06, -6.46354916e-07,  1.20154311e-06,\n",
       "              -4.05476168e-07,  1.28908477e-06],\n",
       "             [-5.72556484e-07,  1.55162724e-07, -4.26546148e-07,\n",
       "               3.30378395e-07, -4.67037768e-07,  1.86719232e-06,\n",
       "              -1.30206086e-06, -1.14229697e-06],\n",
       "             [ 3.58765810e-07, -1.11333244e-06,  9.83968867e-07,\n",
       "              -7.69155974e-08, -7.16086468e-07,  1.71553516e-06,\n",
       "               1.34524470e-06,  1.85603700e-07],\n",
       "             [ 1.55495725e-06,  1.25469915e-06,  1.16929908e-06,\n",
       "               2.12552278e-06,  2.74677092e-06, -1.41957041e-06,\n",
       "               6.72257073e-07,  9.41414402e-07]]),\n",
       " PynqBuffer(1.10141589e-06))"
      ]
     },
     "execution_count": 66,
     "metadata": {},
     "output_type": "execute_result"
    }
   ],
   "source": [
    "diff, rms_error"
   ]
  },
  {
   "cell_type": "code",
   "execution_count": 67,
   "metadata": {},
   "outputs": [
    {
     "name": "stdout",
     "output_type": "stream",
     "text": [
      "CPU times: user 98 µs, sys: 22 µs, total: 120 µs\n",
      "Wall time: 467 µs\n"
     ]
    },
    {
     "data": {
      "text/plain": [
       "array([[19.45893587, 20.08439061, 20.41355957, 20.22557347, 19.91514041,\n",
       "        20.26108594, 19.84032404, 17.80390443],\n",
       "       [17.26872404, 17.69239228, 17.97173071, 17.70540423, 17.73198738,\n",
       "        18.00958344, 17.86277153, 15.98754937],\n",
       "       [18.70679382, 19.85906553, 19.64208902, 19.72046519, 19.76975614,\n",
       "        20.51065778, 19.37648041, 17.7648834 ],\n",
       "       [20.46823297, 21.35747864, 20.84180852, 20.75827888, 20.93358208,\n",
       "        21.36306358, 20.37333573, 18.6951709 ],\n",
       "       [19.93374191, 20.93989493, 20.45978867, 20.55033047, 20.88415653,\n",
       "        21.58055235, 20.42217214, 18.85681663],\n",
       "       [17.96315899, 18.40334908, 18.71808772, 18.37510714, 18.54388381,\n",
       "        18.56655308, 18.24465431, 16.66075402],\n",
       "       [19.44912756, 19.41952976, 19.16401961, 18.83668701, 19.00647664,\n",
       "        19.26794605, 18.92431966, 17.07576389],\n",
       "       [20.95223773, 21.1265691 , 20.98923228, 21.2032511 , 20.90666855,\n",
       "        21.4918275 , 21.04255743, 18.92445658]])"
      ]
     },
     "execution_count": 67,
     "metadata": {},
     "output_type": "execute_result"
    }
   ],
   "source": [
    "%%time\n",
    "np.dot(data_A, data_B)"
   ]
  },
  {
   "cell_type": "code",
   "execution_count": 69,
   "metadata": {},
   "outputs": [
    {
     "data": {
      "text/plain": [
       "PynqBuffer(1.10141589e-06)"
      ]
     },
     "execution_count": 69,
     "metadata": {},
     "output_type": "execute_result"
    }
   ],
   "source": [
    "rms_error"
   ]
  },
  {
   "cell_type": "code",
   "execution_count": null,
   "metadata": {},
   "outputs": [],
   "source": []
  }
 ],
 "metadata": {
  "kernelspec": {
   "display_name": "Python 3",
   "language": "python",
   "name": "python3"
  },
  "language_info": {
   "codemirror_mode": {
    "name": "ipython",
    "version": 3
   },
   "file_extension": ".py",
   "mimetype": "text/x-python",
   "name": "python",
   "nbconvert_exporter": "python",
   "pygments_lexer": "ipython3",
   "version": "3.8.2"
  }
 },
 "nbformat": 4,
 "nbformat_minor": 2
}
