{
 "cells": [
  {
   "cell_type": "code",
   "execution_count": 2,
   "metadata": {},
   "outputs": [],
   "source": [
    "from pynq import Overlay\n",
    "import time\n",
    "ol = Overlay('matrix.bit')"
   ]
  },
  {
   "cell_type": "code",
   "execution_count": 3,
   "metadata": {},
   "outputs": [],
   "source": [
    "#ol?"
   ]
  },
  {
   "cell_type": "code",
   "execution_count": 4,
   "metadata": {},
   "outputs": [],
   "source": [
    "dma = ol.axi_dma_0"
   ]
  },
  {
   "cell_type": "code",
   "execution_count": 5,
   "metadata": {},
   "outputs": [],
   "source": [
    "data_send = dma.sendchannel\n",
    "data_recv = dma.recvchannel"
   ]
  },
  {
   "cell_type": "code",
   "execution_count": 6,
   "metadata": {},
   "outputs": [],
   "source": [
    "import numpy as np\n",
    "import random "
   ]
  },
  {
   "cell_type": "code",
   "execution_count": 7,
   "metadata": {},
   "outputs": [],
   "source": [
    "random.seed(2)\n",
    "data_A = np.random.uniform(low=0, high=10, size=(8, 8)).astype(float)\n",
    "data_B = np.random.uniform(low=0, high=10, size=(8, 8)).astype(float)"
   ]
  },
  {
   "cell_type": "code",
   "execution_count": 8,
   "metadata": {},
   "outputs": [
    {
     "data": {
      "text/plain": [
       "(array([[2.84070953, 8.00958085, 5.44342667, 8.0298136 , 0.43705535,\n",
       "         3.69399812, 4.24278048, 2.12296445],\n",
       "        [8.13549247, 5.32455498, 1.9975075 , 2.54243682, 6.40635884,\n",
       "         0.02820824, 8.48502296, 9.44281387],\n",
       "        [2.12644218, 1.68500586, 9.77631359, 3.70504845, 1.52767446,\n",
       "         8.71868709, 2.85118974, 9.29298741],\n",
       "        [0.03218976, 1.19002627, 9.91426427, 8.07671621, 6.24551761,\n",
       "         7.70067587, 4.31554854, 3.90684105],\n",
       "        [1.38482497, 8.21868496, 5.91619398, 1.91123408, 9.43425496,\n",
       "         4.52682652, 2.57405053, 4.86857646],\n",
       "        [9.61889794, 8.01419503, 4.20002485, 5.3257203 , 3.1710348 ,\n",
       "         9.17633084, 0.68947276, 9.27548267],\n",
       "        [1.52858565, 5.52588208, 1.27548022, 9.9424612 , 1.13533356,\n",
       "         0.02628193, 4.78819774, 3.45136359],\n",
       "        [9.11195094, 1.00287662, 5.01186736, 8.11797677, 8.82097486,\n",
       "         4.85396878, 2.13674754, 4.51392867]]),\n",
       " array([[2.68931035, 0.40421186, 1.61613584, 6.06820029, 0.15870874,\n",
       "         1.02097666, 7.41215982, 8.55789922],\n",
       "        [1.42906595, 6.93176592, 6.06703125, 4.93707845, 8.83748509,\n",
       "         0.65726979, 4.36841161, 8.05574353],\n",
       "        [2.75111556, 7.13616428, 0.07744023, 1.4618319 , 6.43960157,\n",
       "         3.26180265, 9.41845919, 2.9690154 ],\n",
       "        [4.50855605, 8.17692745, 9.70789717, 0.52084243, 3.65136024,\n",
       "         3.63194557, 0.39650471, 1.47339208],\n",
       "        [8.7131377 , 4.91479048, 7.09569819, 4.88203263, 0.23379274,\n",
       "         8.82751483, 8.55197101, 0.45323488],\n",
       "        [7.56372414, 4.50184468, 1.43008067, 3.91755642, 6.74016916,\n",
       "         7.49335389, 6.81909886, 0.65214876],\n",
       "        [7.20629706, 8.45764713, 1.60165211, 9.8461072 , 7.98996425,\n",
       "         7.26695513, 3.25814283, 5.37226488],\n",
       "        [1.81793064, 3.02021987, 4.83734924, 7.09093432, 4.17066867,\n",
       "         3.1424098 , 6.25300645, 9.24824651]]))"
      ]
     },
     "execution_count": 8,
     "metadata": {},
     "output_type": "execute_result"
    }
   ],
   "source": [
    "data_A, data_B"
   ]
  },
  {
   "cell_type": "code",
   "execution_count": 9,
   "metadata": {},
   "outputs": [],
   "source": [
    "def multiply(matrix_a, matrix_b):\n",
    "    result_matrix = np.zeros((8,8))\n",
    "    for i in range(8):\n",
    "        for j in range(8):\n",
    "            for k in range(8):\n",
    "                result_matrix[i][j] += matrix_a[i][k] * matrix_b[k][j]\n",
    "                \n",
    "    return result_matrix"
   ]
  },
  {
   "cell_type": "code",
   "execution_count": 10,
   "metadata": {},
   "outputs": [
    {
     "name": "stdout",
     "output_type": "stream",
     "text": [
      "0.015656471252441406\n"
     ]
    }
   ],
   "source": [
    "start_time = time.time()\n",
    "multiply(data_A, data_B) #software\n",
    "end_time = time.time()\n",
    "print(end_time - start_time)"
   ]
  },
  {
   "cell_type": "code",
   "execution_count": 11,
   "metadata": {},
   "outputs": [],
   "source": [
    "from pynq import allocate"
   ]
  },
  {
   "cell_type": "code",
   "execution_count": 12,
   "metadata": {},
   "outputs": [],
   "source": [
    "data_a_f = data_A.flatten()\n",
    "data_b_f = data_B.flatten()\n",
    "\n",
    "data_input = np.concatenate([data_a_f, data_b_f])"
   ]
  },
  {
   "cell_type": "code",
   "execution_count": 13,
   "metadata": {},
   "outputs": [
    {
     "data": {
      "text/plain": [
       "array([2.84070953, 8.00958085, 5.44342667, 8.0298136 , 0.43705535,\n",
       "       3.69399812, 4.24278048, 2.12296445, 8.13549247, 5.32455498,\n",
       "       1.9975075 , 2.54243682, 6.40635884, 0.02820824, 8.48502296,\n",
       "       9.44281387, 2.12644218, 1.68500586, 9.77631359, 3.70504845,\n",
       "       1.52767446, 8.71868709, 2.85118974, 9.29298741, 0.03218976,\n",
       "       1.19002627, 9.91426427, 8.07671621, 6.24551761, 7.70067587,\n",
       "       4.31554854, 3.90684105, 1.38482497, 8.21868496, 5.91619398,\n",
       "       1.91123408, 9.43425496, 4.52682652, 2.57405053, 4.86857646,\n",
       "       9.61889794, 8.01419503, 4.20002485, 5.3257203 , 3.1710348 ,\n",
       "       9.17633084, 0.68947276, 9.27548267, 1.52858565, 5.52588208,\n",
       "       1.27548022, 9.9424612 , 1.13533356, 0.02628193, 4.78819774,\n",
       "       3.45136359, 9.11195094, 1.00287662, 5.01186736, 8.11797677,\n",
       "       8.82097486, 4.85396878, 2.13674754, 4.51392867, 2.68931035,\n",
       "       0.40421186, 1.61613584, 6.06820029, 0.15870874, 1.02097666,\n",
       "       7.41215982, 8.55789922, 1.42906595, 6.93176592, 6.06703125,\n",
       "       4.93707845, 8.83748509, 0.65726979, 4.36841161, 8.05574353,\n",
       "       2.75111556, 7.13616428, 0.07744023, 1.4618319 , 6.43960157,\n",
       "       3.26180265, 9.41845919, 2.9690154 , 4.50855605, 8.17692745,\n",
       "       9.70789717, 0.52084243, 3.65136024, 3.63194557, 0.39650471,\n",
       "       1.47339208, 8.7131377 , 4.91479048, 7.09569819, 4.88203263,\n",
       "       0.23379274, 8.82751483, 8.55197101, 0.45323488, 7.56372414,\n",
       "       4.50184468, 1.43008067, 3.91755642, 6.74016916, 7.49335389,\n",
       "       6.81909886, 0.65214876, 7.20629706, 8.45764713, 1.60165211,\n",
       "       9.8461072 , 7.98996425, 7.26695513, 3.25814283, 5.37226488,\n",
       "       1.81793064, 3.02021987, 4.83734924, 7.09093432, 4.17066867,\n",
       "       3.1424098 , 6.25300645, 9.24824651])"
      ]
     },
     "execution_count": 13,
     "metadata": {},
     "output_type": "execute_result"
    }
   ],
   "source": [
    "data_input"
   ]
  },
  {
   "cell_type": "code",
   "execution_count": 14,
   "metadata": {},
   "outputs": [],
   "source": [
    "input_buffer = allocate(128, np.float32)\n",
    "output_buffer = allocate((8,8), np.float32)"
   ]
  },
  {
   "cell_type": "code",
   "execution_count": 15,
   "metadata": {},
   "outputs": [],
   "source": [
    "np.copyto(input_buffer, data_input)"
   ]
  },
  {
   "cell_type": "code",
   "execution_count": 16,
   "metadata": {},
   "outputs": [
    {
     "name": "stdout",
     "output_type": "stream",
     "text": [
      "0.002740621566772461\n"
     ]
    }
   ],
   "source": [
    "start_time = time.time()\n",
    "data_send.transfer(input_buffer)\n",
    "data_recv.transfer(output_buffer)\n",
    "data_send.wait()\n",
    "data_recv.wait()\n",
    "end_time = time.time()\n",
    "print(end_time - start_time)"
   ]
  },
  {
   "cell_type": "code",
   "execution_count": 17,
   "metadata": {},
   "outputs": [
    {
     "data": {
      "text/plain": [
       "PynqBuffer([[136.44678 , 222.24678 , 157.00839 , 142.35541 , 203.36285 ,\n",
       "             124.12585 , 166.5234  , 161.86047 ],\n",
       "            [180.79091 , 207.1365  , 175.05487 , 261.78915 , 179.3591  ,\n",
       "             175.65234 , 245.0537  , 258.02786 ],\n",
       "            [168.42395 , 211.5405  , 123.213295, 173.02695 , 212.37418 ,\n",
       "             177.36311 , 256.58612 , 173.89633 ],\n",
       "            [216.34215 , 258.7161  , 167.58731 , 155.62343 , 207.9961  ,\n",
       "             218.96169 , 246.43001 , 118.366165],\n",
       "            [184.20404 , 218.59778 , 172.2034  , 182.28319 , 191.51787 ,\n",
       "             184.26141 , 253.02661 , 164.52246 ],\n",
       "            [191.75471 , 223.70142 , 197.79126 , 230.84006 , 225.62976 ,\n",
       "             179.04211 , 297.91455 , 264.10223 ],\n",
       "            [111.21345 , 185.94182 , 165.0733  , 120.86467 , 146.68921 ,\n",
       "             101.32382 ,  98.49532 , 134.20688 ],\n",
       "            [213.50313 , 209.69044 , 194.79758 , 186.92572 , 142.90263 ,\n",
       "             199.74608 , 266.06696 , 173.28793 ]], dtype=float32)"
      ]
     },
     "execution_count": 17,
     "metadata": {},
     "output_type": "execute_result"
    }
   ],
   "source": [
    "output_buffer"
   ]
  },
  {
   "cell_type": "code",
   "execution_count": 18,
   "metadata": {},
   "outputs": [],
   "source": [
    "diff = np.dot(data_A, data_B) - output_buffer"
   ]
  },
  {
   "cell_type": "code",
   "execution_count": 19,
   "metadata": {},
   "outputs": [],
   "source": [
    "rms_error = np.sqrt(np.mean(diff**2))"
   ]
  },
  {
   "cell_type": "code",
   "execution_count": 20,
   "metadata": {},
   "outputs": [
    {
     "data": {
      "text/plain": [
       "(PynqBuffer([[-3.24405298e-06, -1.32379498e-06,  9.34636026e-06,\n",
       "              -4.44546237e-06, -1.79156736e-05,  3.74116583e-06,\n",
       "               1.27199090e-06,  6.79349844e-06],\n",
       "             [ 1.11112774e-05, -6.00890024e-06,  6.78029889e-06,\n",
       "              -2.67095970e-06,  2.04185506e-05,  1.46761174e-05,\n",
       "              -3.77588714e-06, -9.34042521e-06],\n",
       "             [-6.98413223e-06, -8.32748512e-06, -6.33965811e-07,\n",
       "              -2.02753799e-06,  1.46892954e-05, -2.81361918e-06,\n",
       "              -1.88030646e-06, -3.06999050e-06],\n",
       "             [-5.46125366e-06,  3.98740195e-06, -1.01809322e-05,\n",
       "               2.67707151e-06, -4.97251534e-07, -2.72692535e-06,\n",
       "              -6.80895380e-06,  2.49721231e-06],\n",
       "             [ 2.33247940e-06, -2.20193833e-05, -9.56321063e-06,\n",
       "               4.83719191e-06, -1.44208391e-05,  1.97661300e-05,\n",
       "              -6.95201859e-06, -7.96294722e-06],\n",
       "             [-1.01535162e-05, -2.14211829e-05, -2.68393217e-06,\n",
       "              -6.86412400e-06, -3.69759979e-06,  9.14181766e-06,\n",
       "              -4.49557512e-05, -2.56201533e-05],\n",
       "             [ 2.34020750e-06,  2.98019268e-06,  1.00874471e-05,\n",
       "              -2.09506385e-06, -1.65763009e-05, -3.25360726e-06,\n",
       "               6.20577009e-06, -3.66221244e-06],\n",
       "             [-1.15086711e-05,  6.15602374e-06, -2.08187403e-05,\n",
       "              -1.35989958e-06, -5.76779823e-06, -2.33874493e-06,\n",
       "               1.11951158e-05, -2.72771115e-06]]),\n",
       " PynqBuffer(1.11566402e-05))"
      ]
     },
     "execution_count": 20,
     "metadata": {},
     "output_type": "execute_result"
    }
   ],
   "source": [
    "diff, rms_error"
   ]
  },
  {
   "cell_type": "code",
   "execution_count": null,
   "metadata": {},
   "outputs": [],
   "source": []
  }
 ],
 "metadata": {
  "kernelspec": {
   "display_name": "Python (myenv)",
   "language": "python",
   "name": "venv"
  },
  "language_info": {
   "codemirror_mode": {
    "name": "ipython",
    "version": 3
   },
   "file_extension": ".py",
   "mimetype": "text/x-python",
   "name": "python",
   "nbconvert_exporter": "python",
   "pygments_lexer": "ipython3",
   "version": "3.6.5"
  }
 },
 "nbformat": 4,
 "nbformat_minor": 2
}
